300135
600328
000613
600522
002648
300471
002053
600929
300643
300664
002895
603013
300543
300503
002847
002930
300644
000676
002795
603045
603259
603903
600389
300624
603200
603895
300504
300454
600261
300743
300540
300084
002828
002633
002596
000735
603986
603603
002929
300742
603721
603722
300638
603197
603928
603800
603223
300631
601619
300216
002492
000980
601858
601231
002172
600026
300571
300707
002241
300684
601118
600596
300572
600063
600826
300253
603648
002410
300365
600176
300517
600498
603679
300228
601919
600615
603733
600810
002815
600141
603311
002180
300316
300188
000650
600409
600738
603505
002632
603228
300136
603897
300394
300706
002320
600540
300716
300177
300369
300511
002768
002871
300433
002206
603329
300081
300296
600007
603103
300539
300597
600428
300568
300507
002908
002896
002798
603773
002787
002639
000886
002912
300604
002368
600278
603260
002931
300630
600487
002635
600096
600117
603506
300672
603036
002705
600352
000977
603069
300739
002127
002271
002376
600885
002604
603659
603042
600216
600555
300687
603299
000982
600634
002281
000737
300550
002427
600265
002049
000525
603466
603685
002036
603689
002153
300377
002129
002306
002384
600066
300623
603969
002426
600889
002677
300671
000681
002865
000301
000788
603901
002881
603938
601866
603499
600686
603515
603301
600330
300705
000692
300047
002475
002184
002215
002086
600500
603039
300352
002480
002696
000062
000968
600426
603871
300462
300338
603078
600667
603496
600563
300364
300693
603283
603383
300077
603339
300695
002125
600387
002173
600860
603517
300514
300565
300522
002099
000707
300534
603380
600418
600130
600888
300730
600183
002626
603596
002753
002544
000822
300091
002925
300223
603360
603083
603006
603577
002484
300718
300610
300232
601678
300711
300733
300093
603612
603214
300738
300628
002640
002290
002693
603568
603536
300686
002341
600623
001965
002391
300302
002850
300189
002139
600580
002092
000909
600703
600017
300125
300324
002905
300661
300727
603599
603726
300373
603738
002087
600774
002273
603218
603558
000158
600532
300414
000628
300726
002579
603936
002236
600525
300121
002928
000553
002222
600539
002771
600637
300731
300474
300579
002371
300701
002916
002001
600726
002512
600361
600310
300698
603655
000792
601872
603633
000938
600983
600845
002439
300236
603161
603025
002927
300612
300098
600321
300653
000004
300272
300590
002216
300038
603528
000150
600271
603067
002875
002751
603076
603656
600486
300097
603355
000099
002353
002160
002444
300570
002733
300263
603985
002156
603676
300620
000571
600113
600074
300476
300072
000410
002782
300466
603701
603527
300353
300045
600078
600339
300054
300632
000955
603019
601222
000922
601127
603059
002456
000061
300115
002235
002526
002188
300452
300384
300101
603559
600710
600150
002564
002506
300642
002893
300502
002643
002827
600230
600798
300268
300567
002045
600699
603725
600175
300506
002449
300526
300720
002042
603960
603516
000811
002440
300170
002068
300182
300389
300410
300708
603703
002897
600618
300575
002414
603822
603922
000960
300519
002120
600360
600329
300293
300461
002597
600012
600050
300132
300419
300735
300309
002878
300595
300024
300663
002789
600570
002164
002479
002825
002514
002217
300619
600756
300055
000851
300505
300192
300402
600777
603128
600460
600731
300358
600171
300548
002688
601828
300458
000065
300331
300703
300468
603386
600981
300717
300212
300104
603885
603605
603970
601969
300034
300659
002474
603916
603035
600584
300713
300371
000572
600529
603106
000567
002820
000789
300545
300482
002757
002126
002152
603385
600689
600459
002879
300308
000823
600192
600720
002919
600635
300598
002836
603639
002233
002864
002870
000528
002862
002057
300605
002388
300501
600206
300690
300599
002274
600655
000809
300699
300675
600661
300222
002136
300518
603421
002741
603683
300666
300163
300682
000413
300556
002750
600644
300036
002886
600588
600367
603196
300525
603933
603138
002869
600520
300207
300214
002915
300665
300252
300560
603029
600198
000927
601900
600247
300555
600717
300451
002079
300109
300200
300465
002423
002694
000530
603712
002909
600604
300546
002549
002769
000987
600119
002861
600160
002913
300386
603335
603955
300001
300243
600297
002888
300050
300046
002649
002262
002212
000600
300629
300343
603533
300582
603677
603166
300722
603987
300668
002623
002269
300652
600010
600231
603585
603980
300602
603789
300346
300327
300581
601882
603348
603308
603378
002416
603566
600213
002900
002189
600139
300383
300725
002737
300088
603129
603860
000949
601369
300542
300640
000882
603159
300112
603055
300577
603488
300085
603126
300058
603160
002701
002327
600718
002077
002829
600626
300437
000868
600728
603289
603038
002901
000837
603778
000887
600433
000068
002220
300133
603507
002135
300607
002091
002882
002731
603377
002922
000862
603269
600115
600778
603580
300356
603319
601002
600470
002671
603976
002568
600658
002372
000505
600558
000670
603060
300313
300398
603266
000555
000880
002510
002346
000401
300381
002661
002214
603232
603579
002889
000510
300613
603906
300141
300531
300344
000683
600883
002808
600184
603920
002491
603963
603660
603729
603058
300271
600620
603300
600449
603305
000638
300397
002088
002802
000830
600822
300275
603977
002230
300380
300435
300481
300323
002823
601007
002743
300299
603183
603416
000969
002796
000902
600650
600980
600157
300218
002185
002887
002855
000978
002903
002073
002873
600787
600783
002853
300105
600995
600128
603358
600359
600072
603189
600137
600186
600735
603707
000959
002396
300561
603661
603617
002246
000975
603345
002921
002595
600647
002296
601008
600856
000070
600018
000603
300460
300657
603316
603165
002662
002148
002445
603118
002907
603178
002380
600573
600027
300508
002101
000055
300488
002676
600152
002885
000915
002455
600844
002786
600560
603829
603322
000672
600410
002313
300053
002517
002465
603303
600273
000040
002906
600569
603458
603388
300434
000636
603589
600630
603908
300161
002434
002711
000801
603890
002499
603321
300487
002669
002179
000920
300227
002842
600366
603777
603757
000688
603208
002052
300447
600578
002690
603133
300355
600691
002334
002899
300409
002766
300269
300557
300456
300541
300721
002863
002501
002048
603996
300007
601101
600099
002642
603636
603819
603032
300179
600589
002917
300264
600685
000565
300276
300689
002779
002345
000016
600391
002242
300634
300592
600891
600397
300256
300166
002014
300322
600416
603229
603680
300585
002415
002167
300470
300297
002603
603595
600153
603881
600901
002361
002017
300162
300680
002191
002467
603357
600677
300100
002785
300237
300448
002845
603730
300041
300079
002682
603787
300116
000021
300432
600754
002703
002316
601098
002619
300348
603056
600288
002111
600775
603797
002258
601933
600592
600742
603323
300523
601766
600819
600287
600011
600697
601966
600338
300023
600741
002712
601233
002772
600455
000888
600797
300415
300669
603859
002224
603826
600268
000400
002920
600770
000758
603803
300242
002117
300219
002229
300428
300213
000014
601388
600326
000957
000420
603912
600222
002308
002194
002284
300645
300360
601633
300486
600817
600343
603063
002104
002227
600746
002835
300444
000416
600692
300017
000657
002055
300697
002715
600865
002046
603008
002884
300261
300562
300691
002367
002027
300520
603387
600125
601028
600898
300715
600415
600345
601991
600571
300417
002430
300648
002407
002012
002085
300215
601519
600508
300385
002790
002636
601012
300022
300134
600193
002590
002106
002583
603917
600077
000561
600805
002760
000877
002080
300678
300151
002208
002428
002205
000750
603959
002178
603088
300626
300224
600081
002856
603838
600851
600789
600370
600029
300103
002392
300142
002620
002211
300043
000791
002165
002851
002687
603320
603258
603616
603989
000517
603041
603848
002758
300627
000615
600527
002457
300240
603096
300083
600657
600251
300099
600996
600323
600386
300702
600178
600312
300076
002793
300231
000598
600705
601311
000408
600833
600978
002818
002253
603179
603002
600340
002418
002013
002637
000800
002261
600839
600662
600876
603615
300250
000548
000407
600649
603077
300573
000725
002286
300399
002902
603085
300028
002724
603709
002090
603767
600093
300436
300692
002037
601838
603444
300528
603601
002405
600444
300440
603131
300048
002655
601689
300315
000762
603768
300286
300615
300473
300677
002812
600355
601968
002463
600238
603776
002116
600209
002303
300709
300102
603811
600038
000046
603100
000507
600768
603168
000810
002453
300277
600481
601126
002529
000626
300096
300580
600727
002838
002163
600505
600776
002431
600577
600853
600070
300310
600435
300621
002181
300553
002393
603578
600091
002145
601107
000545
600624
002860
600986
603889
300438
000881
600773
000709
002765
603330
300126
300547
300475
002400
000760
000997
002891
002008
601168
600006
600602
300489
300311
600232
000839
300412
300303
002323
300124
600838
002300
601500
000738
603926
000019
002223
300393
002540
300333
300019
600886
300011
603607
000979
603978
600196
000532
002628
601777
600587
002192
603900
000632
600507
600377
600666
002666
600237
000703
600550
603199
600033
002292
600970
300217
600272
300208
603337
002025
300330
000970
300445
600959
002600
600780
601595
600961
002725
600836
002265
000680
300335
603618
600316
300719
002653
002347
002040
000066
601999
601599
603888
300662
603079
000861
603157
002140
002667
603278
300209
600834
300129
000816
000625
002171
300244
002066
002651
000925
600270
603331
002102
002137
300174
300593
000581
600877
300292
300318
300375
600156
300160
600801
000428
002792
002833
600603
603899
002708
603023
000582
002781
000911
300576
002788
002718
300740
300287
600755
603990
002318
300469
000720
300127
600421
300737
002602
000597
300029
300254
002093
002606
000767
000030
002892
002056
002601
601366
600633
603898
002689
300234
600284
000607
002837
601368
000901
603288
603588
600695
600112
600020
300641
000539
300288
600895
300660
300171
002918
300183
600694
000729
002756
300226
601600
600621
002338
000732
603698
600120
300139
600513
600846
300030
300246
600461
600405
603167
600166
000717
000700
600875
300736
300494
300239
600536
600446
002659
603098
000993
600095
600300
300446
000585
603017
300500
300405
600502
600307
002119
000620
601238
300294
000929
603728
603186
002050
600051
600135
603090
600452
600595
600190
002593
002151
300354
601179
002289
002745
000798
002858
002429
002132
000733
002095
000039
300400
002159
300147
600601
300164
002094
000988
603233
300453
600998
300374
002360
300608
300013
000032
002551
000153
000546
603368
300027
002462
300295
002446
000619
600862
002420
000690
002058
601038
603937
600999
600060
000012
600704
300685
300274
002432
002084
603086
000570
000973
000026
603099
600827
300152
002348
000557
002533
600722
002767
300639
002063
000807
000821
603127
600654
000100
600061
600843
600866
600448
002880
300637
002840
600280
600765
600721
603600
300609
300496
002047
600235
300012
600210
002176
002022
002608
601985
603000
002383
300061
300094
300515
002283
002064
600243
002774
603309
300289
603225
300650
300321
600167
000652
002559
002298
603909
600168
002797
300206
002826
600260
002486
603869
600161
300625
002131
600325
002331
600456
000550
000655
601018
603518
600552
300499
603717
002678
300606
600180
000783
002521
601616
002232
300478
002839
002032
002473
000958
603136
600185
300431
601000
600696
000952
600037
601339
002187
600496
000712
000756
601515
002031
000928
603918
600240
600830
603117
300616
300210
300248
002362
300283
300265
000599
601326
002342
000521
002351
300082
002441
000818
601555
001896
300336
000859
002868
600396
000883
600608
603626
000049
603123
000520
002692
600302
600220
300591
600881
600218
603611
600282
600057
603286
002337
002586
600551
000682
601888
002686
603111
300535
002531
300044
600652
002519
600565
600793
002809
002734
600277
300611
300117
000536
300278
600110
600305
002717
002806
002546
300190
000752
600356
600475
600684
000601
300421
600151
600516
600816
300204
600458
002033
600528
603809
000708
002225
300042
002614
300307
600600
600581
002783
300636
600611
300379
300368
002634
300418
603806
000701
002100
600702
600808
300729
002621
000498
002245
603277
002398
001696
600118
300113
000430
002250
002591
300587
600233
300395
600854
000778
002067
600962
300245
000906
300300
000768
600732
300596
600676
002015
002406
600291
000543
600267
000897
300617
600375
002280
600187
603226
600909
600056
002272
000705
603015
600997
603203
600690
000166
300351
603727
300155
000937
002543
002775
002663
000518
603658
002681
600419
601360
300341
600873
600317
600106
000563
600543
600035
300128
002800
600537
601137
600665
000718
000592
002876
600491
601928
002373
002594
000903
600855
002657
600116
002867
000923
601336
000417
603535
600131
300710
300037
002302
300267
002572
002883
603011
002332
601318
600586
600173
600101
300403
002175
300284
300495
300078
002162
002910
600814
603101
002488
600747
002849
601218
300342
600089
300051
002199
000761
000685
002777
002616
300008
601588
601677
000516
300337
002069
000531
603665
601208
600301
300018
300057
300407
603876
000885
000662
300025
600992
002438
600781
600858
600663
600572
600804
300195
600668
601949
600058
600660
000820
002433
000931
000833
300059
300712
002740
600640
600824
600350
601717
600897
600109
300026
601908
601377
300247
002562
000785
600645
002403
002343
000795
300033
002494
600643
600736
300378
600977
000850
002448
002670
300138
601878
600582
300649
002848
600227
000404
600616
601139
002062
600561
002846
002249
300002
600548
300110
002536
603116
002123
600545
300676
002487
600744
002335
000686
002382
000828
002625
300533
002375
002805
603238
300312
601258
002516
600769
300552
000856
600476
000547
002183
600369
300329
601608
002807
300588
002500
002379
002150
300732
002534
002060
601636
002569
000753
300306
002177
300304
600867
601518
002471
600279
600055
600829
002555
600908
600392
002029
601611
601788
002026
002435
600269
000786
002096
601798
002202
600223
600025
002735
300314
300150
300193
002397
000018
603758
002660
300039
300480
000899
603929
002495
002363
300279
603993
600698
600079
000777
002709
600629
300457
000541
600609
600463
600319
600835
300424
000863
603879
002238
300305
600590
000679
600605
002285
000910
300067
002811
600730
300159
601163
002722
603429
002822
600495
600517
002898
300600
002816
002674
002409
600170
002749
600100
002357
002646
300075
600480
002218
600004
002166
603040
600861
603110
600761
600549
300148
002170
300367
600828
601965
601108
601019
600039
002421
002197
002356
000631
600126
002507
002097
600163
002010
600376
002452
300679
000612
000514
300140
600239
002566
600693
601158
603367
600252
002436
600382
600395
600406
300450
600576
603628
000630
002762
600556
601558
600725
600023
300696
002121
000815
002624
002312
002054
002561
002513
601188
600958
300681
600863
000667
600892
601899
002530
000702
300260
000668
600879
000913
600757
000933
600890
002169
000402
300165
300530
000639
300566
002550
002134
601128
600831
600711
002266
002213
300221
000722
600467
600311
000835
600594
600127
002627
601929
002417
600847
300401
300326
300066
002374
002389
300667
000926
600825
603718
600868
000045
300089
601992
600533
601186
002196
000962
600779
603877
002043
601099
600082
600436
002926
600477
000429
300201
300194
000751
000559
002541
600585
000622
000027
000919
600864
600837
600748
002408
002401
002243
600936
002589
601006
600818
002276
300396
600790
300040
300513
002498
000587
600639
600208
600169
600795
600236
601881
600648
600811
002322
603669
601177
603363
300366
600763
002538
600155
601375
002020
600275
600767
300111
600303
002315
000090
600200
000678
002791
603519
603021
300688
600259
600105
600229
000780
600894
000036
002736
000509
601333
002307
600939
300196
601669
600979
000898
603678
000088
002004
000060
002923
002114
603010
300131
300281
603227
600219
600202
300387
300485
600390
002752
000838
000716
002109
002034
300205
600483
000905
002580
300220
600510
603788
002780
300068
600336
000687
002251
002831
002112
600094
002665
600008
300251
603637
600021
601111
300319
600068
600823
002386
002528
603028
300106
002328
300408
002035
300655
600535
601226
603356
600975
300509
000875
300010
300156
000503
600664
600870
600146
002295
600289
600067
601668
300618
603828
300492
600015
002742
002522
300527
603799
603359
300301
300158
002518
000698
603456
002645
000606
300406
000025
000537
300658
600869
600266
002339
000544
600199
002817
600103
000990
002631
300073
300723
000037
600071
600499
601106
600651
300320
000728
300538
300095
002759
002385
600425
600111
601212
601801
601010
000953
002326
600848
603882
002115
600599
000005
300484
603858
600298
600348
600290
002673
000519
600683
600982
000006
002698
002613
002482
000610
002231
002023
600353
002329
300169
000151
000488
600331
002324
002611
600706
300052
600501
600723
002641
600597
601288
600368
000419
300656
600225
002755
000426
600228
300120
002859
600636
000589
600707
300551
002454
000605
300622
002108
600802
002503
600363
300635
600408
603606
600177
603816
600821
600054
002577
002489
600379
600969
300497
000157
600893
601005
300185
300107
002387
600482
300569
300014
603556
601211
601579
000935
300426
002019
600653
002558
000727
000893
002911
603696
000829
002588
000921
000058
002044
600469
300181
300035
002144
603369
300376
601601
002201
002294
600179
600281
603389
002574
002542
000501
603798
000533
601811
300673
300020
601958
300262
600479
300345
002355
002340
600716
300172
600820
600606
600073
002472
600493
601200
601880
600292
300270
603080
601199
600030
600365
300416
002483
600123
600234
600069
600320
002277
601989
000635
002207
300532
002009
000056
600675
002605
603663
603030
600719
000965
002459
603022
300357
300340
300015
300420
300176
300259
300258
600283
600000
600262
300108
002702
603477
002083
600713
000971
601857
600791
300536
601890
000050
603328
600782
002644
002468
600059
600313
002582
601198
600512
600926
002319
002664
002244
002365
600628
002158
601688
002843
600531
002390
600743
600162
300154
600960
601328
002824
000502
601901
600715
002118
002685
600963
000776
300257
600422
000819
000608
601800
002038
601116
600506
600257
601016
002275
002585
603966
000966
300211
000806
603007
300442
002425
002030
002006
601169
002404
000529
600098
000848
600708
000995
600108
300074
300021
002142
300741
002255
600579
002508
000892
600327
000876
000731
000948
002394
000878
600295
601618
600971
603043
600749
600857
002078
601988
600714
600211
600016
601229
601100
002523
002021
002761
000627
300477
000932
000069
002545
601818
002297
002279
603113
002378
002813
000996
000043
000573
600121
600132
603018
600562
300282
601886
600385
600062
000504
300123
002618
300463
600567
601216
603037
002612
002411
300537
002747
600215
603638
300005
600933
300483
601086
601718
000721
002133
300130
002149
002570
600372
600258
600965
002478
600966
002575
000656
002537
002493
603878
601166
603855
000831
603991
002683
600322
002803
603823
600903
300392
603866
300230
000078
600346
000802
002675
603766
603366
603868
002576
600530
002344
600420
603158
601727
002291
300423
600354
600617
002330
600712
603399
300004
603667
300479
000951
603012
300285
002654
601021
601011
601003
600679
002560
002381
300167
002524
000719
300016
600373
002553
600882
600351
300589
300069
601799
603886
600766
603919
000797
600064
000333
603326
600674
000697
603268
002028
603896
000803
300291
600381
002730
000576
000869
002174
002668
300349
600383
300334
600612
002221
002810
002282
002497
002081
002877
600097
300443
300382
603801
603988
603861
603567
603779
300065
601566
601020
603198
600771
002728
300467
300144
603968
600859
600182
002268
603939
603887
603880
603843
603825
603818
603690
603602
603598
603538
603520
603508
603501
603398
603393
603365
603318
603315
603188
603177
603108
603066
603033
601998
601997
601789
601628
601390
601113
601009
600987
600973
600896
600880
600850
600815
600803
600800
600796
600794
600785
600784
600764
600759
600753
600751
600750
600745
600734
600733
600724
600701
600682
600680
600678
600642
600641
600610
600575
600568
600546
600523
600515
600503
600497
600490
600488
600485
600439
600429
600423
600403
600401
600400
600399
600393
600380
600335
600318
600309
600308
600293
600256
600255
600248
600246
600241
600226
600221
600217
600212
600191
600189
600172
600165
600158
600149
600148
600145
600138
600133
600086
600084
600076
600052
600022
600019
300683
300670
300647
300603
300586
300549
300493
300491
300464
300455
300449
300429
300427
300411
300359
300350
300339
300332
300328
300325
300317
300290
300280
300273
300266
300238
300235
300229
300225
300198
300187
300173
300146
300119
300118
300090
300086
300080
300071
300062
300056
300049
300009
300006
002872
002866
002857
002801
002799
002778
002770
002739
002729
002716
002707
002706
002699
002697
002650
002647
002617
002610
002609
002607
002599
002598
002584
002571
002565
002556
002548
002535
002532
002520
002515
002505
002496
002470
002469
002464
002451
002447
002437
002413
002412
002402
002399
002369
002359
002354
002352
002350
002325
002314
002309
002305
002301
002270
002263
002260
002259
002256
002252
002247
002239
002228
002226
002219
002210
002204
002203
002198
002168
002161
002154
002147
002143
002141
002113
002098
002089
002082
002075
002071
002065
002059
002051
002018
002011
002005
002002
000989
000972
000967
000939
000918
000917
000912
000900
000890
000825
000812
000796
000793
000790
000779
000766
000757
000723
000713
000711
000693
000669
000666
000659
000633
000616
000593
000591
000584
000566
000564
000552
000551
000540
000534
000526
000523
000506
000422
000415
000409
000156
000063
000048
000042
000038
000035
000031
000029
000028
000022
002422
603139
300168
600195
002450
002074
600739
002581
002039
002819
600242
300651
002254
002003
603020
000001
600332
000981
300153
600285
300197
603609
002264
600371
000736
300241
600489
600201
603808
000568
002713
000403
603298
300064
600919
601877
000155
002652
600299
600984
600809
002103
002763
002461
300184
000009
300441
600841
600337
600538
002278
000908
002539
002190
000726
600249
300145
002193
601898
000755
600593
300298
600462
601666
603813
601567
600207
600681
603839
603313
600985
603027
600362
000538
000007
000963
601996
603181
300391
603009
603716
000715
002155
603500
300249
300233
000677
300143
600129
603999
601952
000011
002477
300087
300584
300031
300362
000524
002502
600547
300498
000002
002695
300510
002209
603239
002128
000513
600468
000023
601398
600478
002476
002076
600306
000609
000623
603089
002490
600143
000976
002443
002105
601001
000983
600557
000059
002460
002776
002527
000421
000418
300654
600075
002248
002349
300092
603222
000813
601607
002304
000611
000089
000663
300203
002592
002200
002317
600812
300439
000586
603001
000782
000671
002504
600884
300516
603997
000411
002240
002442
300633
002726
002016
603668
000596
000826
603180
600871
002481
600031
300114
300063
603557
300122
002377
002336
000008
300180
002287
000889
002552
002723
600526
600378
603333
002830
600276
002719
000858
002684
601918
603396
300459
002727
300578
002311
600159
603050
300529
603833
002370
300583
600438
000999
603569
300558
000799
600203
000759
600466
600519
603619
600036
603711
603686
002366
002547
600671
000651
000425
603699
600887
000017
002485
002130
600136
603169
002024
600900
000710
600197
600509
300472
000020
600053
002578
002186
603979
603708
300347
002267
002511
603630
600874
002615
600792
002573
603737
601228
600760
002293
600619
603817
601015
603156
600967
603856
002288
600737
600988
000590
002364
600614
603688
002182
603338
600993
300563
600583
600511
002554
000895
300490
000637
300370
000338
300178
600048
600566
600518
600613
603003
600976
600638
002007
002395
002748
600688
000691
600559
000695
300363
600315
600085
300199
603016
300404
601939
002157
600107
002424
600687
600388
000617
601088
002700
600358
002333
300425
002773
002419
000930
603586
002672
603998
300202
002124
603555
002821
002732
600990
002321
600122
002658
000423
300601
601225
000010
002832
603026
601058
600598
600104
000159
002656
603608
002738
000836
000661
300512
000665
600188
601117
601699
300430
002567
603081
002746
600872
000034
600114
600622
002680
300413
601808
001979
002107
600673
002587
002195
300521
600758
600083
600009
002358
002237
002146
000554
000560
300070
600521
601700
300175
000860
000739
603031
603306
002841
000998
002852
600740
600088
000595
002061
601069
600090
600080
002466
600729
000936
000852
603005
300390
600333
002041
000096
600250
002110
600917
002679
002557
002138
600398
600028
300003
300191
300422
300149
002563
000985
603883
300559
002629
603336
300157
300137
300554
000961
000558
300255
603958
601155
002310
300388
300700
002630
002638
002299
002890
600807
002122
002509
002721
000673
002714
002234
002458
300032
002622
002072
002691
600806
600432
300746
300745
002070
000950
000629
000511
603486
601990
601138
